1.008095094156896243e+00
1.026121028276629099e+00
1.029903338099366072e+00
1.010895911339115161e+00
1.026520001636932244e+00
1.047031072360130377e+00
1.052371825065941735e+00
1.030665686851215623e+00
1.100258944054275601e+00
1.113330613335350883e+00
1.038422023623277513e+00
1.081151698959767593e+00
1.142042642992585844e+00
1.199699947033215031e+00
1.116089997772434117e+00
1.148289877033984441e+00
1.040529366877458672e+00
1.100576999339543782e+00
1.164560203346193035e+00
1.254298331119754417e+00
1.161992873007076543e+00
1.024899997250210415e+00
1.036378511954249459e+00
1.064641261896842828e+00
1.062129921166035329e+00
1.039405771643141518e+00
1.118644539037114694e+00
1.142040254049353720e+00
1.168365341360789733e+00
1.108236154563767561e+00
1.241710963376300825e+00
1.280053249606835974e+00
1.170441865067784359e+00
1.473610106840274492e+00
1.276661407979157392e+00
1.189539168733510177e+00
1.441506289875569058e+00
1.494786082382923986e+00
1.162820003368372657e+00
1.300873862937376835e+00
1.528302119654894486e+00
1.857694967203127989e+00
1.504223641957401547e+00
1.640269104848221415e+00
1.166990750823502676e+00
1.360016427589570753e+00
1.597747229157725046e+00
2.099534130338116533e+00
1.696118890994986028e+00
1.099927000356518692e+00
1.114452634808220433e+00
1.212688485696793661e+00
1.245207246557599845e+00
1.151955240751417975e+00
1.356305052375462283e+00
1.426424917870279474e+00
1.626592100688708520e+00
1.383042922050065737e+00
1.721650716572373119e+00
2.029078582750773130e+00
1.616511011322390834e+00
3.044676609644326071e+00
2.205972297916748648e+00
1.802288902153970085e+00
1.912489987512417722e+00
1.189432729747829098e+00
1.493421022119093555e+00
1.789433226450292791e+00
2.571105037414491701e+00
2.040861223088991760e+00
1.093659510767921450e+00
1.136287609580012070e+00
1.235529359580266995e+00
1.286449021560041484e+00
1.192015129620442648e+00
1.453945305540430333e+00
1.517825168990209361e+00
1.850999186415674513e+00
1.550310862750696295e+00
1.837844529580325625e+00
2.329599527708869466e+00
1.862095192002824806e+00
3.842556621778317361e+00
2.794453305385856012e+00
2.235772880838915899e+00
1.094920426805688241e+00
1.085671063540837311e+00
1.152692209580406413e+00
1.110920401666502411e+00
1.083106195602768773e+00
1.163791515029923840e+00
1.186915090840708231e+00
1.204148655553508362e+00
1.134464157076756408e+00
1.333368014685481384e+00
1.351671840317623774e+00
1.230111744013854480e+00
1.502808560591919695e+00
1.296738453917781309e+00
1.224611368667948730e+00
1.579267226038023608e+00
1.617086162495471546e+00
1.748332922835025283e+00
1.496088493126526364e+00
1.719641516111461099e+00
1.867917345496442172e+00
1.556596858199241540e+00
2.560107242983588272e+00
1.954836733655693992e+00
1.655988659751953307e+00
2.215110418457152619e+00
2.418460372311308504e+00
1.869322756150624043e+00
3.440463594380495316e+00
2.449195284479732226e+00
2.007363842914573038e+00
6.404097651847610706e+00
4.215851757413969558e+00
3.114570742835938155e+00
2.510335806348136689e+00
